7
0 348 104 189 262 346 411 
348 0 384 227 476 136 247 
104 384 0 295 149 332 356 
189 227 295 0 437 352 417 
262 476 149 437 0 348 376 
346 136 332 352 348 0 122 
411 247 356 417 376 122 0
 
